[
  {
    "name": "person",
    "class": 0,
    "confidence": 0.7477154731750488,
    "box": {
      "x1": 0.0,
      "y1": 0.6125,
      "x2": 0.29375,
      "y2": 1.0
    },
    "keypoints": {
      "x": [
        0.13707701861858368,
        0.11983533203601837,
        0.13430312275886536,
        0.059191375970840454,
        0.11863578855991364,
        0.020055733621120453,
        0.13837888836860657,
        0.006159894168376923,
        0.22377152740955353,
        0.058389343321323395,
        0.2667194604873657,
        0.0194074809551239,
        0.09595215320587158,
        0.04745316505432129,
        0.12791618704795837,
        0.06084788963198662,
        0.12432514131069183
      ],
      "y": [
        0.7012825608253479,
        0.686153769493103,
        0.6891816854476929,
        0.6837185025215149,
        0.6907474994659424,
        0.7540537118911743,
        0.7600688934326172,
        0.8442208766937256,
        0.8385239839553833,
        0.8213616609573364,
        0.7830079197883606,
        0.9794079065322876,
        0.9849356412887573,
        0.9719107747077942,
        0.9741153120994568,
        1.0,
        1.0
      ],
      "visible": [
        0.10253852605819702,
        0.02570401504635811,
        0.1420314759016037,
        0.4655567407608032,
        0.9253299236297607,
        0.9364158511161804,
        0.973684549331665,
        0.3903721570968628,
        0.7754146456718445,
        0.12410857528448105,
        0.3257553279399872,
        0.5296187400817871,
        0.6394147872924805,
        0.05333905667066574,
        0.09073037654161453,
        0.019357210025191307,
        0.0279860720038414
      ]
    }
  },
  {
    "name": "person",
    "class": 0,
    "confidence": 0.4926685392856598,
    "box": {
      "x1": 0.10625,
      "y1": 0.6229166666666667,
      "x2": 0.640625,
      "y2": 1.0
    },
    "keypoints": {
      "x": [
        0.3395446240901947,
        0.3765273690223694,
        0.3237844705581665,
        0.4618532061576843,
        0.31706321239471436,
        0.5125550627708435,
        0.32133519649505615,
        0.502217173576355,
        0.26658308506011963,
        0.395849347114563,
        0.27192336320877075,
        0.513778567314148,
        0.3873930275440216,
        0.4382355809211731,
        0.2848947048187256,
        0.42302876710891724,
        0.3547731041908264
      ],
      "y": [
        0.834517776966095,
        0.798647940158844,
        0.7956421375274658,
        0.8220183849334717,
        0.8148488998413086,
        0.9748198390007019,
        0.9653887152671814,
        1.0,
        1.0,
        0.9908390641212463,
        0.9954420328140259,
        1.0,
        1.0,
        0.9999151229858398,
        0.9902120232582092,
        1.0,
        1.0
      ],
      "visible": [
        0.9473841190338135,
        0.9781742095947266,
        0.7816534042358398,
        0.9201111197471619,
        0.06874193251132965,
        0.4487784504890442,
        0.5061079263687134,
        0.06958967447280884,
        0.06676454842090607,
        0.09135443717241287,
        0.08795642107725143,
        0.01610288955271244,
        0.021313432604074478,
        0.009333562105894089,
        0.012335240840911865,
        0.015986401587724686,
        0.02154015749692917
      ]
    }
  }
]