[
  {
    "name": "person",
    "class": 0,
    "confidence": 0.9020218849182129,
    "box": {
      "x1": 0.3673708920187793,
      "y1": 0.004166666666666667,
      "x2": 0.5868544600938967,
      "y2": 0.9979166666666667
    },
    "keypoints": {
      "x": [
        0.5009468197822571,
        0.5040878653526306,
        0.48677369952201843,
        0.5045643448829651,
        0.4553367495536804,
        0.5334727764129639,
        0.42105504870414734,
        0.5248897075653076,
        0.3931461274623871,
        0.5483902096748352,
        0.39662638306617737,
        0.5166046619415283,
        0.4416884779930115,
        0.4913724660873413,
        0.42250943183898926,
        0.48093685507774353,
        0.40607962012290955
      ],
      "y": [
        0.008809591643512249,
        0.0,
        0.0,
        0.0,
        0.0,
        0.04667546972632408,
        0.05950694903731346,
        0.29785916209220886,
        0.3196423649787903,
        0.506389319896698,
        0.5313454866409302,
        0.5513218641281128,
        0.5569764375686646,
        0.9029173254966736,
        0.9046424627304077,
        1.0,
        1.0
      ],
      "visible": [
        0.25413820147514343,
        0.07766556739807129,
        0.21139030158519745,
        0.0439998134970665,
        0.26783084869384766,
        0.8633661270141602,
        0.9472199082374573,
        0.9476098418235779,
        0.9868482947349548,
        0.947717547416687,
        0.9807484149932861,
        0.9786536693572998,
        0.9877387285232544,
        0.7564600706100464,
        0.8321614265441895,
        0.17784710228443146,
        0.22582058608531952
      ]
    }
  }
]