[
  {
    "name": "person",
    "class": 0,
    "confidence": 0.9349703192710876,
    "box": {
      "x1": 0.1109375,
      "y1": 0.0875,
      "x2": 0.7875,
      "y2": 1.0
    },
    "keypoints": {
      "x": [
        0.5303332805633545,
        0.5566015243530273,
        0.4689543843269348,
        0.5800763964653015,
        0.3662377595901489,
        0.5973637700080872,
        0.26963484287261963,
        0.7358130216598511,
        0.17635974287986755,
        0.6836020946502686,
        0.292263388633728,
        0.5283578634262085,
        0.323662132024765,
        0.7135869264602661,
        0.40010231733322144,
        0.4375385642051697,
        0.4755076766014099
      ],
      "y": [
        0.38247209787368774,
        0.3236958384513855,
        0.332407146692276,
        0.35612723231315613,
        0.385721892118454,
        0.6251822113990784,
        0.6444681882858276,
        0.9472721219062805,
        0.9976990222930908,
        0.6945483684539795,
        0.9987224340438843,
        1.0,
        1.0,
        0.936838686466217,
        0.9710556268692017,
        1.0,
        1.0
      ],
      "visible": [
        0.9949991703033447,
        0.9876565933227539,
        0.9981985688209534,
        0.490123450756073,
        0.9863919019699097,
        0.9916771650314331,
        0.9455970525741577,
        0.8261349201202393,
        0.25624769926071167,
        0.6957138776779175,
        0.2022213190793991,
        0.05848556384444237,
        0.019013073295354843,
        0.009967497549951077,
        0.0031075708102434874,
        0.002974350703880191,
        0.0011360949138179421
      ]
    }
  }
]